{
  "element": "Quad9",
  "label": "Quad9_regular",
  "nodes": [
    [
      0.0,
      0.0
    ],
    [
      1.0,
      0.0
    ],
    [
      1.0,
      1.0
    ],
    [
      0.0,
      1.0
    ],
    [
      0.5,
      0.0
    ],
    [
      1.0,
      0.5
    ],
    [
      0.5,
      1.0
    ],
    [
      0.0,
      0.5
    ],
    [
      0.5,
      0.5
    ]
  ],
  "material": {
    "E": 200000.0,
    "nu": 0.3,
    "rho": 0.0
  },
  "thickness": 10.0,
  "area": 1.0,
  "gauss_points": [
    {
      "zeta": -0.7745966692414834,
      "eta": -0.7745966692414834,
      "weight": 0.30864197530864224,
      "N": [
        [
          0.4723790007724451,
          0.0,
          -0.059999999999999984,
          0.0,
          0.007620999227554982,
          0.0,
          -0.059999999999999984,
          0.0,
          0.27491933384829664,
          0.0,
          -0.03491933384829665,
          0.0,
          -0.03491933384829665,
          0.0,
          0.27491933384829664,
          0.0,
          0.15999999999999992,
          0.0
        ],
        [
          0.0,
          0.4723790007724451,
          0.0,
          -0.059999999999999984,
          0.0,
          0.007620999227554982,
          0.0,
          -0.059999999999999984,
          0.0,
          0.27491933384829664,
          0.0,
          -0.03491933384829665,
          0.0,
          -0.03491933384829665,
          0.0,
          0.27491933384829664,
          0.0,
          0.15999999999999992
        ]
      ],
      "J": [
        [
          0.5,
          0.0
        ],
        [
          0.0,
          0.5
        ]
      ],
      "detJ": 0.25,
      "B": [
        [
          -1.7520563361656318,
          0.0,
          -0.3774596669241484,
          0.0,
          0.04794366383436827,
          0.0,
          0.22254033307585158,
          0.0,
          2.12951600308978,
          0.0,
          -0.21967733539318668,
          0.0,
          -0.27048399691021985,
          0.0,
          -1.0196773353931865,
          0.0,
          1.2393546707863732,
          0.0
        ],
        [
          0.0,
          -1.7520563361656318,
          0.0,
          0.22254033307585158,
          0.0,
          0.04794366383436827,
          0.0,
          -0.3774596669241484,
          0.0,
          -1.0196773353931865,
          0.0,
          -0.27048399691021985,
          0.0,
          -0.21967733539318668,
          0.0,
          2.12951600308978,
          0.0,
          1.2393546707863732
        ],
        [
          -1.7520563361656318,
          -1.7520563361656318,
          0.22254033307585158,
          -0.3774596669241484,
          0.04794366383436827,
          0.04794366383436827,
          -0.3774596669241484,
          0.22254033307585158,
          -1.0196773353931865,
          2.12951600308978,
          -0.27048399691021985,
          -0.21967733539318668,
          -0.21967733539318668,
          -0.27048399691021985,
          2.12951600308978,
          -1.0196773353931865,
          1.2393546707863732,
          1.2393546707863732
        ]
      ]
    },
    {
      "zeta": -0.7745966692414834,
      "eta": 0.0,
      "weight": 0.493827160493827,
      "N": [
        [
          0.0,
          0.0,
          -0.0,
          0.0,
          -0.0,
          0.0,
          0.0,
          0.0,
          0.0,
          0.0,
          -0.08729833462074166,
          0.0,
          0.0,
          0.0,
          0.6872983346207417,
          0.0,
          0.3999999999999999,
          0.0
        ],
        [
          0.0,
          0.0,
          0.0,
          -0.0,
          0.0,
          -0.0,
          0.0,
          0.0,
          0.0,
          0.0,
          0.0,
          -0.08729833462074166,
          0.0,
          0.0,
          0.0,
          0.6872983346207417,
          0.0,
          0.3999999999999999
        ]
      ],
      "J": [
        [
          0.5,
          0.0
        ],
        [
          0.0,
          0.5
        ]
      ],
      "detJ": 0.25,
      "B": [
        [
          0.0,
          0.0,
          -0.0,
          0.0,
          0.0,
          0.0,
          -0.0,
          0.0,
          0.0,
          0.0,
          -0.5491933384829668,
          0.0,
          0.0,
          0.0,
          -2.549193338482967,
          0.0,
          3.0983866769659336,
          0.0
        ],
        [
          0.0,
          -0.6872983346207417,
          0.0,
          0.08729833462074166,
          0.0,
          -0.08729833462074166,
          0.0,
          0.6872983346207417,
          0.0,
          -0.3999999999999999,
          0.0,
          0.0,
          0.0,
          0.3999999999999999,
          0.0,
          0.0,
          0.0,
          -0.0
        ],
        [
          -0.6872983346207417,
          0.0,
          0.08729833462074166,
          -0.0,
          -0.08729833462074166,
          0.0,
          0.6872983346207417,
          -0.0,
          -0.3999999999999999,
          0.0,
          0.0,
          -0.5491933384829668,
          0.3999999999999999,
          0.0,
          0.0,
          -2.549193338482967,
          -0.0,
          3.0983866769659336
        ]
      ]
    },
    {
      "zeta": -0.7745966692414834,
      "eta": 0.7745966692414834,
      "weight": 0.30864197530864224,
      "N": [
        [
          -0.059999999999999984,
          0.0,
          0.007620999227554982,
          0.0,
          -0.059999999999999984,
          0.0,
          0.4723790007724451,
          0.0,
          -0.03491933384829665,
          0.0,
          -0.03491933384829665,
          0.0,
          0.27491933384829664,
          0.0,
          0.27491933384829664,
          0.0,
          0.15999999999999992,
          0.0
        ],
        [
          0.0,
          -0.059999999999999984,
          0.0,
          0.007620999227554982,
          0.0,
          -0.059999999999999984,
          0.0,
          0.4723790007724451,
          0.0,
          -0.03491933384829665,
          0.0,
          -0.03491933384829665,
          0.0,
          0.27491933384829664,
          0.0,
          0.27491933384829664,
          0.0,
          0.15999999999999992
        ]
      ],
      "J": [
        [
          0.5,
          -5.551115123125783e-17
        ],
        [
          0.0,
          0.5
        ]
      ],
      "detJ": 0.25,
      "B": [
        [
          0.22254033307585164,
          0.0,
          0.047943663834368266,
          0.0,
          -0.3774596669241484,
          0.0,
          -1.7520563361656316,
          0.0,
          -0.27048399691021985,
          0.0,
          -0.21967733539318665,
          0.0,
          2.12951600308978,
          0.0,
          -1.0196773353931867,
          0.0,
          1.239354670786373,
          0.0
        ],
        [
          0.0,
          0.3774596669241484,
          0.0,
          -0.04794366383436827,
          0.0,
          -0.22254033307585158,
          0.0,
          1.7520563361656318,
          0.0,
          0.21967733539318668,
          0.0,
          0.27048399691021985,
          0.0,
          1.0196773353931865,
          0.0,
          -2.12951600308978,
          0.0,
          -1.2393546707863732
        ],
        [
          0.3774596669241484,
          0.22254033307585164,
          -0.04794366383436827,
          0.047943663834368266,
          -0.22254033307585158,
          -0.3774596669241484,
          1.7520563361656318,
          -1.7520563361656316,
          0.21967733539318668,
          -0.27048399691021985,
          0.27048399691021985,
          -0.21967733539318665,
          1.0196773353931865,
          2.12951600308978,
          -2.12951600308978,
          -1.0196773353931867,
          -1.2393546707863732,
          1.239354670786373
        ]
      ]
    },
    {
      "zeta": 0.0,
      "eta": -0.7745966692414834,
      "weight": 0.493827160493827,
      "N": [
        [
          0.0,
          0.0,
          0.0,
          0.0,
          -0.0,
          0.0,
          -0.0,
          0.0,
          0.6872983346207417,
          0.0,
          0.0,
          0.0,
          -0.08729833462074166,
          0.0,
          0.0,
          0.0,
          0.3999999999999999,
          0.0
        ],
        [
          0.0,
          0.0,
          0.0,
          0.0,
          0.0,
          -0.0,
          0.0,
          -0.0,
          0.0,
          0.6872983346207417,
          0.0,
          0.0,
          0.0,
          -0.08729833462074166,
          0.0,
          0.0,
          0.0,
          0.3999999999999999
        ]
      ],
      "J": [
        [
          0.5,
          0.0
        ],
        [
          0.0,
          0.5
        ]
      ],
      "detJ": 0.25,
      "B": [
        [
          -0.6872983346207417,
          0.0,
          0.6872983346207417,
          0.0,
          -0.08729833462074166,
          0.0,
          0.08729833462074166,
          0.0,
          0.0,
          0.0,
          0.3999999999999999,
          0.0,
          0.0,
          0.0,
          -0.3999999999999999,
          0.0,
          -0.0,
          0.0
        ],
        [
          0.0,
          0.0,
          0.0,
          -0.0,
          0.0,
          0.0,
          0.0,
          -0.0,
          0.0,
          -2.549193338482967,
          0.0,
          0.0,
          0.0,
          -0.5491933384829668,
          0.0,
          0.0,
          0.0,
          3.0983866769659336
        ],
        [
          0.0,
          -0.6872983346207417,
          -0.0,
          0.6872983346207417,
          0.0,
          -0.08729833462074166,
          -0.0,
          0.08729833462074166,
          -2.549193338482967,
          0.0,
          0.0,
          0.3999999999999999,
          -0.5491933384829668,
          0.0,
          0.0,
          -0.3999999999999999,
          3.0983866769659336,
          -0.0
        ]
      ]
    },
    {
      "zeta": 0.0,
      "eta": 0.0,
      "weight": 0.7901234567901224,
      "N": [
        [
          0.0,
          0.0,
          0.0,
          0.0,
          0.0,
          0.0,
          0.0,
          0.0,
          0.0,
          0.0,
          0.0,
          0.0,
          0.0,
          0.0,
          0.0,
          0.0,
          1.0,
          0.0
        ],
        [
          0.0,
          0.0,
          0.0,
          0.0,
          0.0,
          0.0,
          0.0,
          0.0,
          0.0,
          0.0,
          0.0,
          0.0,
          0.0,
          0.0,
          0.0,
          0.0,
          0.0,
          1.0
        ]
      ],
      "J": [
        [
          0.5,
          0.0
        ],
        [
          0.0,
          0.5
        ]
      ],
      "detJ": 0.25,
      "B": [
        [
          -0.0,
          0.0,
          0.0,
          0.0,
          0.0,
          0.0,
          -0.0,
          0.0,
          0.0,
          0.0,
          1.0,
          0.0,
          -0.0,
          0.0,
          -1.0,
          0.0,
          -0.0,
          0.0
        ],
        [
          0.0,
          0.0,
          0.0,
          -0.0,
          0.0,
          0.0,
          0.0,
          0.0,
          0.0,
          -1.0,
          0.0,
          -0.0,
          0.0,
          1.0,
          0.0,
          0.0,
          0.0,
          0.0
        ],
        [
          0.0,
          -0.0,
          -0.0,
          0.0,
          0.0,
          0.0,
          0.0,
          -0.0,
          -1.0,
          0.0,
          -0.0,
          1.0,
          1.0,
          -0.0,
          0.0,
          -1.0,
          0.0,
          -0.0
        ]
      ]
    },
    {
      "zeta": 0.0,
      "eta": 0.7745966692414834,
      "weight": 0.493827160493827,
      "N": [
        [
          -0.0,
          0.0,
          -0.0,
          0.0,
          0.0,
          0.0,
          0.0,
          0.0,
          -0.08729833462074166,
          0.0,
          0.0,
          0.0,
          0.6872983346207417,
          0.0,
          0.0,
          0.0,
          0.3999999999999999,
          0.0
        ],
        [
          0.0,
          -0.0,
          0.0,
          -0.0,
          0.0,
          0.0,
          0.0,
          0.0,
          0.0,
          -0.08729833462074166,
          0.0,
          0.0,
          0.0,
          0.6872983346207417,
          0.0,
          0.0,
          0.0,
          0.3999999999999999
        ]
      ],
      "J": [
        [
          0.5,
          0.0
        ],
        [
          0.0,
          0.5
        ]
      ],
      "detJ": 0.25,
      "B": [
        [
          0.08729833462074166,
          0.0,
          -0.08729833462074166,
          0.0,
          0.6872983346207417,
          0.0,
          -0.6872983346207417,
          0.0,
          0.0,
          0.0,
          0.3999999999999999,
          0.0,
          -0.0,
          0.0,
          -0.3999999999999999,
          0.0,
          0.0,
          0.0
        ],
        [
          0.0,
          0.0,
          0.0,
          0.0,
          0.0,
          0.0,
          0.0,
          0.0,
          0.0,
          0.5491933384829668,
          0.0,
          -0.0,
          0.0,
          2.549193338482967,
          0.0,
          0.0,
          0.0,
          -3.0983866769659336
        ],
        [
          0.0,
          0.08729833462074166,
          0.0,
          -0.08729833462074166,
          0.0,
          0.6872983346207417,
          0.0,
          -0.6872983346207417,
          0.5491933384829668,
          0.0,
          -0.0,
          0.3999999999999999,
          2.549193338482967,
          -0.0,
          0.0,
          -0.3999999999999999,
          -3.0983866769659336,
          0.0
        ]
      ]
    },
    {
      "zeta": 0.7745966692414834,
      "eta": -0.7745966692414834,
      "weight": 0.30864197530864224,
      "N": [
        [
          -0.059999999999999984,
          0.0,
          0.4723790007724451,
          0.0,
          -0.059999999999999984,
          0.0,
          0.007620999227554982,
          0.0,
          0.27491933384829664,
          0.0,
          0.27491933384829664,
          0.0,
          -0.03491933384829665,
          0.0,
          -0.03491933384829665,
          0.0,
          0.15999999999999992,
          0.0
        ],
        [
          0.0,
          -0.059999999999999984,
          0.0,
          0.4723790007724451,
          0.0,
          -0.059999999999999984,
          0.0,
          0.007620999227554982,
          0.0,
          0.27491933384829664,
          0.0,
          0.27491933384829664,
          0.0,
          -0.03491933384829665,
          0.0,
          -0.03491933384829665,
          0.0,
          0.15999999999999992
        ]
      ],
      "J": [
        [
          0.5,
          0.0
        ],
        [
          -5.551115123125783e-17,
          0.5
        ]
      ],
      "detJ": 0.25,
      "B": [
        [
          0.3774596669241484,
          0.0,
          1.7520563361656318,
          0.0,
          -0.22254033307585158,
          0.0,
          -0.04794366383436827,
          0.0,
          -2.12951600308978,
          0.0,
          1.0196773353931865,
          0.0,
          0.27048399691021985,
          0.0,
          0.21967733539318668,
          0.0,
          -1.2393546707863732,
          0.0
        ],
        [
          0.0,
          0.22254033307585164,
          0.0,
          -1.7520563361656316,
          0.0,
          -0.3774596669241484,
          0.0,
          0.047943663834368266,
          0.0,
          -1.0196773353931867,
          0.0,
          2.12951600308978,
          0.0,
          -0.21967733539318665,
          0.0,
          -0.27048399691021985,
          0.0,
          1.239354670786373
        ],
        [
          0.22254033307585164,
          0.3774596669241484,
          -1.7520563361656316,
          1.7520563361656318,
          -0.3774596669241484,
          -0.22254033307585158,
          0.047943663834368266,
          -0.04794366383436827,
          -1.0196773353931867,
          -2.12951600308978,
          2.12951600308978,
          1.0196773353931865,
          -0.21967733539318665,
          0.27048399691021985,
          -0.27048399691021985,
          0.21967733539318668,
          1.239354670786373,
          -1.2393546707863732
        ]
      ]
    },
    {
      "zeta": 0.7745966692414834,
      "eta": 0.0,
      "weight": 0.493827160493827,
      "N": [
        [
          -0.0,
          0.0,
          0.0,
          0.0,
          0.0,
          0.0,
          -0.0,
          0.0,
          0.0,
          0.0,
          0.6872983346207417,
          0.0,
          0.0,
          0.0,
          -0.08729833462074166,
          0.0,
          0.3999999999999999,
          0.0
        ],
        [
          0.0,
          -0.0,
          0.0,
          0.0,
          0.0,
          0.0,
          0.0,
          -0.0,
          0.0,
          0.0,
          0.0,
          0.6872983346207417,
          0.0,
          0.0,
          0.0,
          -0.08729833462074166,
          0.0,
          0.3999999999999999
        ]
      ],
      "J": [
        [
          0.5,
          0.0
        ],
        [
          0.0,
          0.5
        ]
      ],
      "detJ": 0.25,
      "B": [
        [
          0.0,
          0.0,
          0.0,
          0.0,
          0.0,
          0.0,
          0.0,
          0.0,
          0.0,
          0.0,
          2.549193338482967,
          0.0,
          -0.0,
          0.0,
          0.5491933384829668,
          0.0,
          -3.0983866769659336,
          0.0
        ],
        [
          0.0,
          0.08729833462074166,
          0.0,
          -0.6872983346207417,
          0.0,
          0.6872983346207417,
          0.0,
          -0.08729833462074166,
          0.0,
          -0.3999999999999999,
          0.0,
          -0.0,
          0.0,
          0.3999999999999999,
          0.0,
          0.0,
          0.0,
          0.0
        ],
        [
          0.08729833462074166,
          0.0,
          -0.6872983346207417,
          0.0,
          0.6872983346207417,
          0.0,
          -0.08729833462074166,
          0.0,
          -0.3999999999999999,
          0.0,
          -0.0,
          2.549193338482967,
          0.3999999999999999,
          -0.0,
          0.0,
          0.5491933384829668,
          0.0,
          -3.0983866769659336
        ]
      ]
    },
    {
      "zeta": 0.7745966692414834,
      "eta": 0.7745966692414834,
      "weight": 0.30864197530864224,
      "N": [
        [
          0.007620999227554982,
          0.0,
          -0.059999999999999984,
          0.0,
          0.4723790007724451,
          0.0,
          -0.059999999999999984,
          0.0,
          -0.03491933384829665,
          0.0,
          0.27491933384829664,
          0.0,
          0.27491933384829664,
          0.0,
          -0.03491933384829665,
          0.0,
          0.15999999999999992,
          0.0
        ],
        [
          0.0,
          0.007620999227554982,
          0.0,
          -0.059999999999999984,
          0.0,
          0.4723790007724451,
          0.0,
          -0.059999999999999984,
          0.0,
          -0.03491933384829665,
          0.0,
          0.27491933384829664,
          0.0,
          0.27491933384829664,
          0.0,
          -0.03491933384829665,
          0.0,
          0.15999999999999992
        ]
      ],
      "J": [
        [
          0.5,
          5.551115123125783e-17
        ],
        [
          5.551115123125783e-17,
          0.5
        ]
      ],
      "detJ": 0.25,
      "B": [
        [
          -0.047943663834368266,
          0.0,
          -0.22254033307585164,
          0.0,
          1.7520563361656316,
          0.0,
          0.3774596669241484,
          0.0,
          0.27048399691021985,
          0.0,
          1.0196773353931867,
          0.0,
          -2.12951600308978,
          0.0,
          0.21967733539318665,
          0.0,
          -1.239354670786373,
          0.0
        ],
        [
          0.0,
          -0.047943663834368266,
          0.0,
          0.3774596669241484,
          0.0,
          1.7520563361656316,
          0.0,
          -0.22254033307585164,
          0.0,
          0.21967733539318665,
          0.0,
          -2.12951600308978,
          0.0,
          1.0196773353931867,
          0.0,
          0.27048399691021985,
          0.0,
          -1.239354670786373
        ],
        [
          -0.047943663834368266,
          -0.047943663834368266,
          0.3774596669241484,
          -0.22254033307585164,
          1.7520563361656316,
          1.7520563361656316,
          -0.22254033307585164,
          0.3774596669241484,
          0.21967733539318665,
          0.27048399691021985,
          -2.12951600308978,
          1.0196773353931867,
          1.0196773353931867,
          -2.12951600308978,
          0.27048399691021985,
          0.21967733539318665,
          -1.239354670786373,
          -1.239354670786373
        ]
      ]
    }
  ],
  "K": [
    [
      923076.9230769238,
      357142.8571428575,
      37851.0378510381,
      9157.509157509172,
      -32967.03296703304,
      -39682.53968253971,
      -136752.13675213675,
      -9157.509157509156,
      -661782.6617826626,
      -36630.03663003683,
      117216.11721611739,
      158730.15873015882,
      212454.21245421268,
      158730.1587301588,
      68376.06837606832,
      36630.03663003645,
      -527472.5274725279,
      -634920.6349206349
    ],
    [
      357142.8571428575,
      923076.9230769238,
      -9157.509157509156,
      -136752.13675213675,
      -39682.53968253971,
      -32967.03296703304,
      9157.509157509172,
      37851.0378510381,
      36630.03663003644,
      68376.06837606829,
      158730.1587301588,
      212454.21245421265,
      158730.15873015882,
      117216.11721611739,
      -36630.03663003684,
      -661782.6617826626,
      -634920.634920635,
      -527472.5274725279
    ],
    [
      37851.03785103811,
      -9157.509157509156,
      923076.9230769237,
      -357142.85714285745,
      -136752.13675213675,
      9157.509157509157,
      -32967.03296703305,
      39682.53968253971,
      -661782.6617826625,
      36630.03663003678,
      68376.06837606833,
      -36630.03663003643,
      212454.21245421265,
      -158730.1587301588,
      117216.11721611737,
      -158730.15873015882,
      -527472.5274725279,
      634920.6349206349
    ],
    [
      9157.509157509172,
      -136752.13675213672,
      -357142.85714285745,
      923076.9230769237,
      -9157.509157509172,
      37851.03785103807,
      39682.53968253971,
      -32967.03296703305,
      -36630.0366300365,
      68376.06837606833,
      36630.03663003684,
      -661782.6617826624,
      -158730.1587301588,
      117216.1172161174,
      -158730.15873015882,
      212454.21245421263,
      634920.6349206349,
      -527472.5274725278
    ],
    [
      -32967.03296703304,
      -39682.53968253972,
      -136752.13675213672,
      -9157.509157509168,
      923076.9230769237,
      357142.8571428574,
      37851.03785103808,
      9157.509157509154,
      212454.2124542126,
      158730.1587301588,
      68376.06837606836,
      36630.036630036484,
      -661782.6617826624,
      -36630.036630036804,
      117216.11721611739,
      158730.15873015882,
      -527472.5274725277,
      -634920.6349206348
    ],
    [
      -39682.53968253971,
      -32967.03296703304,
      9157.509157509154,
      37851.0378510381,
      357142.8571428574,
      923076.9230769237,
      -9157.509157509168,
      -136752.13675213672,
      158730.15873015882,
      117216.11721611737,
      -36630.036630036804,
      -661782.6617826624,
      36630.036630036484,
      68376.06837606836,
      158730.1587301588,
      212454.2124542126,
      -634920.6349206348,
      -527472.5274725277
    ],
    [
      -136752.13675213675,
      9157.509157509172,
      -32967.03296703304,
      39682.53968253971,
      37851.03785103807,
      -9157.509157509172,
      923076.9230769236,
      -357142.8571428575,
      212454.21245421265,
      -158730.15873015882,
      117216.11721611742,
      -158730.1587301588,
      -661782.6617826624,
      36630.03663003685,
      68376.06837606833,
      -36630.0366300365,
      -527472.5274725277,
      634920.6349206349
    ],
    [
      -9157.509157509156,
      37851.03785103811,
      39682.53968253971,
      -32967.03296703305,
      9157.509157509156,
      -136752.13675213675,
      -357142.8571428575,
      923076.9230769237,
      -158730.15873015882,
      117216.11721611739,
      -158730.1587301588,
      212454.2124542126,
      -36630.03663003643,
      68376.06837606836,
      36630.03663003679,
      -661782.6617826625,
      634920.634920635,
      -527472.5274725279
    ],
    [
      -661782.6617826625,
      36630.03663003645,
      -661782.6617826624,
      -36630.0366300365,
      212454.21245421263,
      158730.1587301588,
      212454.21245421265,
      -158730.15873015882,
      2520146.5201465213,
      1.7280399333685637e-11,
      -527472.5274725279,
      -634920.6349206349,
      -253968.25396825396,
      0.0,
      -527472.5274725278,
      634920.6349206348,
      -312576.312576312,
      5.093170329928398e-11
    ],
    [
      -36630.03663003683,
      68376.06837606829,
      36630.03663003678,
      68376.06837606832,
      158730.15873015882,
      117216.11721611737,
      -158730.15873015882,
      117216.11721611736,
      4.638422979041934e-11,
      3282051.2820512815,
      -634920.634920635,
      -527472.5274725279,
      1.8189894035458565e-12,
      253968.25396825458,
      634920.634920635,
      -527472.5274725279,
      4.3655745685100555e-11,
      -2852258.8522588518
    ],
    [
      117216.11721611737,
      158730.15873015882,
      68376.06837606833,
      36630.03663003684,
      68376.06837606835,
      -36630.036630036804,
      117216.11721611736,
      -158730.1587301588,
      -527472.5274725279,
      -634920.634920635,
      3282051.282051282,
      -5.820766091346741e-11,
      -527472.5274725279,
      634920.634920635,
      253968.25396825455,
      -1.8189894035458565e-12,
      -2852258.8522588518,
      -5.820766091346741e-11
    ],
    [
      158730.15873015882,
      212454.21245421265,
      -36630.03663003644,
      -661782.6617826625,
      36630.0366300365,
      -661782.6617826624,
      -158730.15873015882,
      212454.2124542126,
      -634920.6349206348,
      -527472.5274725279,
      -2.9103830456733704e-11,
      2520146.5201465213,
      634920.6349206349,
      -527472.5274725279,
      -9.094947017729282e-13,
      -253968.25396825396,
      -3.637978807091713e-11,
      -312576.3125763121
    ],
    [
      212454.21245421265,
      158730.15873015882,
      212454.21245421263,
      -158730.15873015882,
      -661782.6617826624,
      36630.036630036484,
      -661782.6617826624,
      -36630.03663003644,
      -253968.25396825394,
      -9.094947017729282e-13,
      -527472.5274725279,
      634920.6349206349,
      2520146.5201465213,
      -2.9103830456733704e-11,
      -527472.5274725279,
      -634920.6349206348,
      -312576.3125763121,
      -3.637978807091713e-11
    ],
    [
      158730.15873015882,
      117216.11721611737,
      -158730.1587301588,
      117216.11721611737,
      -36630.036630036804,
      68376.06837606835,
      36630.03663003685,
      68376.06837606836,
      -1.8189894035458565e-12,
      253968.25396825458,
      634920.634920635,
      -527472.5274725279,
      -5.820766091346741e-11,
      3282051.2820512815,
      -634920.6349206349,
      -527472.5274725279,
      -4.3655745685100555e-11,
      -2852258.8522588518
    ],
    [
      68376.06837606832,
      -36630.03663003684,
      117216.11721611736,
      -158730.15873015882,
      117216.11721611736,
      158730.15873015876,
      68376.06837606832,
      36630.03663003679,
      -527472.5274725278,
      634920.634920635,
      253968.25396825455,
      1.8189894035458565e-12,
      -527472.5274725279,
      -634920.6349206349,
      3282051.282051281,
      5.729816621169448e-11,
      -2852258.8522588518,
      3.637978807091713e-11
    ],
    [
      36630.03663003645,
      -661782.6617826625,
      -158730.15873015882,
      212454.21245421263,
      158730.1587301588,
      212454.2124542126,
      -36630.03663003649,
      -661782.6617826625,
      634920.634920635,
      -527472.5274725279,
      0.0,
      -253968.2539682539,
      -634920.6349206349,
      -527472.5274725279,
      2.8194335754960775e-11,
      2520146.5201465213,
      3.637978807091713e-11,
      -312576.31257631193
    ],
    [
      -527472.5274725278,
      -634920.634920635,
      -527472.5274725279,
      634920.634920635,
      -527472.5274725277,
      -634920.6349206349,
      -527472.5274725277,
      634920.634920635,
      -312576.31257631176,
      7.275957614183426e-12,
      -2852258.8522588518,
      -1.4551915228366852e-11,
      -312576.312576312,
      -2.9103830456733704e-11,
      -2852258.852258852,
      2.1827872842550278e-11,
      8439560.439560438,
      -2.9103830456733704e-11
    ],
    [
      -634920.6349206349,
      -527472.5274725279,
      634920.634920635,
      -527472.5274725278,
      -634920.6349206349,
      -527472.5274725277,
      634920.6349206349,
      -527472.5274725278,
      2.1827872842550278e-11,
      -2852258.852258852,
      -1.4551915228366852e-11,
      -312576.312576312,
      -2.1827872842550278e-11,
      -2852258.852258852,
      1.4551915228366852e-11,
      -312576.31257631176,
      -2.9103830456733704e-11,
      8439560.43956044
    ]
  ]
}